!Note: First column is hrs from 12:00 UTC 21 Sep 2014; Second column is SPM concentration (g/m3)
    0.0824    3.4615
    0.1648   11.9836
    0.2471    6.1436
    0.3295    7.2304
    0.4119    7.6785
    0.4943    6.7994
    0.5766    7.9265
    0.6590   10.9544
    0.7414    8.6764
    0.8238   19.2039
    0.9062    9.7792
    0.9885   11.5378
    1.0709   11.8912
    1.1533   11.9837
    1.2357   10.0417
    1.3180    9.8435
    1.4004   10.7301
    1.4828    9.6133
    1.5652   10.4390
    1.6476   12.2138
    1.7299   10.6574
    1.8123   10.4418
    1.8947   12.3491
    1.9771   12.1174
    2.0594   13.6196
    2.1418   12.9516
    2.2242    9.7748
    2.3066   13.4194
    2.3890   19.7488
    2.4713   11.3500
    2.5537   14.7002
    2.6361   12.1380
    2.7185   10.4354
    2.8008   13.7921
    2.8832   14.1294
    2.9656   20.1175
    3.0480   15.9090
    3.1304   12.2520
    3.2127   12.6933
    3.2951   13.0980
    3.3775   16.7357
    3.4599   19.8920
    3.5422   11.9822
    3.6246   14.8746
    3.7070   11.2708
    3.7894   10.6593
    3.8718   10.3815
    3.9541   10.8049
    4.0365   11.1531
    4.1189    9.6887
    4.2013   13.1807
    4.2836   13.5732
    4.3660    9.9177
    4.4484   11.7713
    4.5308   12.5815
    4.6132   12.9744
    4.6955   11.9992
    4.7779   12.9224
    4.8603   17.5740
    4.9427   15.7991
    5.0250   12.9829
    5.1074   15.3736
    5.1898   13.5957
    5.2722   13.9870
    5.3546   13.3398
    5.4369   13.2084
    5.5193   14.3672
    5.6017   14.4864
    5.6841   16.3732
    5.7664   19.7197
    5.8488   17.5737
    5.9312   13.7385
    6.0136   14.2464
    6.0960   14.5909
    6.1783   12.2287
    6.2607   15.0078
    6.3431   12.1031
    6.4255   13.3624
    6.5078   12.8385
    6.5902   12.5762
    6.6726   11.3389
    6.7550   13.1734
    6.8374   11.8108
    6.9197   11.1927
    7.0021   11.0295
    7.0845   13.1172
    7.1669   11.2035
    7.2492   10.4625
    7.3316   11.5061
    7.4140   10.3344
    7.4964   10.1791
    7.5788   11.3775
    7.6611   10.8000
    7.7435   16.4208
    7.8259   12.8168
    7.9083   10.4258
    7.9906   13.7326
    8.0730   10.9675
    8.1554   12.9911
    8.2378   15.5478
    8.3202   12.5735
    8.4025   13.6081
    8.4849   14.7911
    8.5673   12.7480
    8.6497   14.7655
    8.7320   12.4527
    8.8144   14.1611
    8.8968   17.0397
    8.9792   18.6861
    9.0616   20.5934
    9.1439   15.6377
    9.2263   15.1575
    9.3087   14.6927
    9.3911   15.7990
    9.4734   16.0203
    9.5558   24.7678
    9.6382   17.0234
    9.7206   22.9674
    9.8030   17.5681
    9.8853   18.6395
    9.9677   16.4695
   10.0501   17.3287
   10.1325   23.9685
   10.2148   17.4903
   10.2972   17.6759
   10.3796   20.1004
   10.4620   20.2359
   10.5444   20.7323
   10.6267   18.3730
   10.7091   17.2368
   10.7915   20.2466
   10.8739   18.6653
   10.9562   23.6009
   11.0386   18.3875
   11.1210   27.8612
   11.2034   17.6316
   11.2858   19.7319
   11.3681   19.7064
   11.4505   19.0486
   11.5329   25.7267
   11.6153   23.3750
   11.6976   27.9613
   11.7800   31.4108
   11.8624   30.2604
   11.9448   30.4364
   12.0272   29.2666
   12.1095   26.7016
   12.1919   30.8428
   12.2743   30.5082
   12.3567   28.6187
   12.4390   26.7301
   12.5214   27.2726
   12.6038   26.3033
   12.6862   29.0589
   12.7686   28.3969
   12.8509   28.0224
   12.9333   27.3136
   13.0157   27.3968
   13.0981   26.8079
   13.1804   23.8793
   13.2628   27.3869
   13.3452   30.6491
   13.4276   30.1374
   13.5100   25.5147
   13.5923   30.0624
   13.6747   27.1862
   13.7571   29.9542
   13.8395   29.9047
   13.9218   27.0055
   14.0042   27.1148
   14.0866   30.2922
   14.1690   27.6822
   14.2514   33.1151
   14.3337   27.4416
   14.4161   49.0284
   14.4985   27.2661
   14.5809   28.9325
   14.6632   28.7613
   14.7456   34.1058
   14.8280   29.2817
   14.9104   41.6900
   14.9928   34.9376
   15.0751   36.5929
   15.1575   32.2111
   15.2399   37.8124
   15.3223   42.0508
   15.4046   49.4082
   15.4870   34.9720
   15.5694   31.5611
   15.6518   38.0985
   15.7341   38.4644
   15.8165   32.5460
   15.8989   34.7008
   15.9813   32.7331
   16.0637   35.7292
   16.1460   30.3963
   16.2284   31.3544
   16.3108   31.1803
   16.3932   32.6090
   16.4755   32.6960
   16.5579   35.1484
   16.6403   30.9751
   16.7227   34.5693
   16.8051   36.0161
   16.8874   35.2142
   16.9698   33.9643
   17.0522   33.0106
   17.1346   33.2233
   17.2169   34.6475
   17.2993   33.6941
   17.3817   26.5662
   17.4641   26.5240
   17.5465   31.4763
   17.6288   28.3191
   17.7112   24.5329
   17.7936   27.6170
   17.8760   27.1262
   17.9583   29.2273
   18.0407   33.7872
   18.1231   29.3983
   18.2055   38.7933
   18.2879   30.2866
   18.3702   22.1418
   18.4526   23.3422
   18.5350   20.2753
   18.6174   22.6170
   18.6997   22.9322
   18.7821   22.1798
   18.8645   22.0464
   18.9469   22.9783
   19.0293   22.3380
   19.1116   22.2966
   19.1940   22.5367
   19.2764   22.9534
   19.3588   23.2149
   19.4411   25.1736
   19.5235   22.1201
   19.6059   25.1776
   19.6883   25.9211
   19.7707   23.5298
   19.8530   22.7027
   19.9354   24.4462
   20.0178   25.2827
   20.1002   24.5518
   20.1825   25.5149
   20.2649   24.9148
   20.3473   23.8623
   20.4297   24.8870
   20.5121   25.0320
   20.5944   30.0538
   20.6768   28.3732
   20.7592   24.3314
   20.8416   25.6729
   20.9239   26.6843
   21.0063   29.0604
   21.0887   27.2690
   21.1711   25.1837
   21.2535   26.9640
   21.3358   29.2030
   21.4182   28.6978
   21.5006   29.9534
   21.5830   30.9148
   21.6653   32.6325
   21.7477   31.0560
   21.8301   34.1259
   21.9125   33.4495
   21.9949   33.9029
   22.0772   37.3668
   22.1596   37.3904
   22.2420   35.7293
   22.3244   39.2281
   22.4067   37.0338
   22.4891   37.4785
   22.5715   39.1233
   22.6539   36.7320
   22.7363   37.8260
   22.8186   36.7205
   22.9010   40.7016
   22.9834   39.7756
   23.0658   38.9308
   23.1481   39.0184
   23.2305   39.1904
   23.3129   43.5246
   23.3953   44.5082
   23.4777   47.0795
   23.5600   45.6594
   23.6424   47.6796
   23.7248   47.6138
   23.8072   47.3791
   23.8895   47.8373
   23.9719   48.5532
   24.0543   46.8296
   24.1367   51.8874
   24.2191   46.5227
   24.3014   48.1391
   24.3838   47.0306
   24.4662   49.5378
   24.5486   45.9216
   24.6309   49.5192
   24.7133   46.0768
   24.7957   49.5058
   24.8781   47.9605
   24.9605   46.5756
   25.0428   48.2540
   25.1252   49.2039
   25.2076   47.1942
   25.2900   47.4392
   25.3723   48.2358
   25.4547   50.7972
   25.5371   48.0137
   25.6195   47.4362
   25.7019   46.9899
   25.7842   48.3926
   25.8666   50.5760
   25.9490   54.9587
   26.0314   48.1198
   26.1137   58.1038
   26.1961   53.5040
   26.2785   51.7754
   26.3609   52.9845
   26.4433   53.6759
   26.5256   56.9299
   26.6080   54.9186
   26.6904   54.8295
   26.7728   53.9813
   26.8551   54.4000
   26.9375   55.8119
   27.0199   55.5169
   27.1023   60.7618
   27.1847   56.4930
   27.2670   59.0725
   27.3494   65.5704
   27.4318   57.6798
   27.5142   62.0136
   27.5965   62.5115
   27.6789   60.8983
   27.7613   68.6914
   27.8437   62.0336
   27.9261   60.5307
   28.0084   66.0773
   28.0908   62.6782
   28.1732   62.9475
   28.2556   65.2862
   28.3379   63.7892
   28.4203   62.0175
   28.5027   72.9011
   28.5851   70.8862
   28.6675   75.5901
   28.7498   69.8567
   28.8322   69.9936
   28.9146   70.8325
   28.9970   78.9509
   29.0793   77.9498
   29.1617   77.7626
   29.2441   76.0143
   29.3265   74.6398
   29.4089   74.6693
   29.4912   74.3007
   29.5736   65.6735
   29.6560   63.7222
   29.7384   65.4001
   29.8207   66.8591
   29.9031   65.6232
   29.9855   68.1769
   30.0679   65.7524
   30.1503   68.8598
   30.2326   70.1178
   30.3150   70.3409
   30.3974   68.4306
   30.4798   70.8876
   30.5621   70.5482
   30.6445   68.3606
   30.7269   73.0736
   30.8093   68.7443
   30.8917   82.6561
   30.9740   48.1337
   31.0564   47.1877
   31.1388   48.0050
   31.2212   43.6525
   31.3035   43.8875
   31.3859   46.1269
   31.4683   47.9224
   31.5507   45.0474
   31.6331   32.2017
   31.7154   30.9616
   31.7978   29.2343
   31.8802   45.4050
   31.9626   32.6530
   32.0449   31.3401
   32.1273   28.8131
   32.2097   30.9465
   32.2921   28.5342
   32.3745   28.7467
   32.4568   29.2306
   32.5392   31.6600
   32.6216   36.8961
   32.7040   27.8971
   32.7863   31.2719
   32.8687   30.6570
   32.9511   30.2667
   33.0335   31.1761
   33.1159   31.0204
   33.1982   30.7596
   33.2806   31.6707
   33.3630   32.4358
   33.4454   32.0537
   33.5277   30.8863
   33.6101   30.9808
   33.6925   35.3451
   33.7749   28.9446
   33.8573   32.2348
   33.9396   29.8915
   34.0220   34.7190
   34.1044   41.6982
   34.1868   30.0823
   34.2691   31.5025
   34.3515   32.3507
   34.4339   32.4215
   34.5163   32.9062
   34.5987   39.1743
   34.6810   35.3185
   34.7634   35.2062
   34.8458   33.7890
   34.9282   32.2548
   35.0105   32.4629
   35.0929   34.9440
   35.1753   36.6960
   35.2577   36.8180
   35.3401   39.9877
   35.4224   36.3390
   35.5048   36.3075
   35.5872   36.2444
   35.6696   35.4332
   35.7519   36.3152
   35.8343   36.6515
   35.9167   38.6447
   35.9991   36.7794
   36.0815   41.8840
   36.1638   38.6004
   36.2462   36.6367
   36.3286   36.9078
   36.4110   37.0394
   36.4933   37.1059
   36.5757   35.7223
   36.6581   36.0511
   36.7405   37.5456
   36.8229   39.1710
   36.9052   40.4466
   36.9876   38.5312
   37.0700   37.9894
   37.1524   38.2270
   37.2347   41.3312
   37.3171   38.3597
   37.3995   38.4363
   37.4819   40.1720
   37.5643   39.0502
   37.6466   39.0425
   37.7290   40.4961
   37.8114   45.7878
   37.8938   41.4979
   37.9761   40.4680
   38.0585   40.4920
   38.1409   40.7041
   38.2233   40.3323
   38.3057   40.6706
   38.3880   40.0904
   38.4704   41.0678
   38.5528   41.9495
   38.6352   47.4192
   38.7175   44.0131
   38.7999   43.7210
   38.8823   43.3418
   38.9647   44.9048
   39.0471   43.8614
   39.1294   46.6580
   39.2118   49.4167
   39.2942   49.8286
   39.3766   50.5554
   39.4589   48.0323
   39.5413   49.1194
   39.6237   49.5317
   39.7061   51.0835
   39.7885   51.3903
   39.8708   50.6262
   39.9532   51.2813
   40.0356   53.1949
   40.1180   58.5170
   40.2003   68.0245
   40.2827   65.0690
   40.3651   71.3402
   40.4475   81.5887
   40.5299   60.7348
   40.6122   54.0655
   40.6946   31.6584
   40.7770   29.0742
   40.8594   28.6897
   40.9417   29.4028
   41.0241   32.1264
   41.1065   26.3515
   41.1889   26.1720
   41.2713   28.0878
   41.3536   27.2079
   41.4360   33.1122
   41.5184   36.2791
   41.6008   34.8233
   41.6831   32.1959
   41.7655   39.5174
   41.8479   32.5986
   41.9303   31.5754
   42.0127   32.5083
   42.0950   34.4095
   42.1774   28.4138
   42.2598   28.0214
   42.3422   28.1548
   42.4245   30.3854
   42.5069   31.2576
   42.5893   29.0012
   42.6717   35.3523
   42.7541   31.9776
   42.8364   32.4298
   42.9188   40.8367
   43.0012   32.8238
   43.0836   35.1811
   43.1659   33.2548
   43.2483   36.2327
   43.3307   34.2997
   43.4131   33.3689
   43.4955   32.9685
   43.5778   35.2495
   43.6602   36.4101
   43.7426   36.9021
   43.8250   35.0798
   43.9073   36.1871
   43.9897   37.4118
   44.0721   38.6590
   44.1545   39.0927
   44.2369   34.1326
   44.3192   31.7037
   44.4016   36.7977
   44.4840   34.8819
   44.5664   33.9753
   44.6487   34.7136
   44.7311   34.6599
   44.8135   35.0803
   44.8959   33.3935
   44.9783   36.4239
   45.0606   32.6181
   45.1430   37.5844
   45.2254   35.1676
   45.3078   35.9175
   45.3901   35.2613
   45.4725   34.1224
   45.5549   34.9683
   45.6373   38.7385
   45.7197   39.2618
   45.8020   38.5045
   45.8844   39.4952
   45.9668   40.1142
   46.0492   42.6559
   46.1315   38.9200
   46.2139   41.8982
   46.2963   39.8696
   46.3787   42.4336
   46.4611   42.7538
   46.5434   40.7577
   46.6258   41.4355
   46.7082   41.9619
   46.7906   36.2586
   46.8729   34.5072
   46.9553   42.3598
   47.0377   41.7074
   47.1201   34.3147
   47.2024   32.8113
   47.2848   33.2747
   47.3672   34.9230
   47.4496   36.3196
   47.5320   35.8554
   47.6143   35.0263
   47.6967   33.0828
   47.7791   34.9243
   47.8615   35.8063
   47.9439   33.2696
   48.0262   39.3580
   48.1086   35.8388
   48.1910   33.9410
   48.2734   34.6733
   48.3557   35.3048
   48.4381   34.9188
   48.5205   36.0494
   48.6029   34.7613
   48.6852   34.6458
   48.7676   34.0989
   48.8500   36.4777
   48.9324   35.9710
   49.0148   36.3827
   49.0971   37.4966
   49.1795   34.7274
   49.2619   34.6431
   49.3443   34.6226
   49.4267   36.6960
   49.5090   57.6644
   49.5914   38.7163
   49.6738   37.1548
   49.7562   37.4277
   49.8385   35.0023
   49.9209   36.3484
   50.0033   37.7363
   50.0857   36.6661
   50.1680   36.9196
   50.2504   36.7571
   50.3328   38.0147
   50.4152   35.5027
   50.4976   36.7316
   50.5799   37.6615
   50.6623   37.8888
   50.7447   37.8279
   50.8271   38.6990
   50.9095   37.7668
   50.9918   37.4939
   51.0742   36.7242
   51.1566   38.6941
   51.2390   38.2991
   51.3213   39.0451
   51.4037   38.5939
   51.4861   40.1232
   51.5685   41.3771
   51.6508   38.0919
   51.7332   38.8948
   51.8156   38.6483
   51.8980   41.2434
   51.9804   38.3421
   52.0627   43.8315
   52.1451   44.1501
   52.2275   40.9838
   52.3099   43.3605
   52.3923   40.9567
   52.4746   49.5598
   52.5570   42.2181
   52.6394   40.7291
   52.7218   44.3364
   52.8041   43.3116
   52.8865   43.3054
   52.9689   43.4182
   53.0513   45.1572
   53.1336   43.3713
   53.2160   43.7432
   53.2984   42.7320
   53.3808   45.7787
   53.4632   46.9215
   53.5455   46.3553
   53.6279   45.8707
   53.7103   46.8171
   53.7927   45.7602
   53.8750   48.8460
   53.9574   46.7117
   54.0398   45.8355
   54.1222   49.5866
   54.2046   44.7454
   54.2869   44.8965
   54.3693   45.9788
   54.4517   50.3111
   54.5341   47.7001
   54.6164   46.0565
   54.6988   46.8183
   54.7812   48.6119
   54.8636   51.5709
   54.9460   50.7205
   55.0283   49.6178
   55.1107   52.0760
   55.1931   52.1725
   55.2755   51.3341
   55.3578   54.1729
   55.4402   52.0689
   55.5226   49.9903
   55.6050   49.9723
   55.6874   52.8256
   55.7697   48.5406
   55.8521   50.0772
   55.9345   55.4411
   56.0169   53.5649
   56.0992   50.0053
   56.1816   50.2690
   56.2640   49.7609
   56.3464   50.8727
   56.4288   49.5828
   56.5111   49.8474
   56.5935   57.9637
   56.6759   50.6114
   56.7583   52.4176
   56.8406   54.6243
   56.9230   51.0952
   57.0054   49.5345
   57.0878   49.6420
   57.1702   51.2516
   57.2525   49.9021
   57.3349   51.0653
   57.4173   49.2645
   57.4997   49.2063
   57.5820   50.4202
   57.6644   49.0997
   57.7468   47.3057
   57.8292   48.2383
   57.9116   44.7994
   57.9939   43.6065
   58.0763   42.1420
   58.1587   43.6655
   58.2411   42.2050
   58.3234   40.9894
   58.4058   44.4425
   58.4882   40.6814
   58.5706   41.3114
   58.6530   41.2487
   58.7353   39.7186
   58.8177   42.5509
   58.9001   40.7502
   58.9825   42.5604
   59.0648   41.4900
   59.1472   41.2141
   59.2296   42.5291
   59.3120   41.3808
   59.3944   43.5746
   59.4767   42.0191
   59.5591   42.1106
   59.6415   42.1194
   59.7239   52.8389
   59.8062   43.4185
   59.8886   44.8780
   59.9710   41.9371
   60.0534   43.0682
   60.1358   46.3361
   60.2181   41.3386
   60.3005   43.1931
   60.3829   44.8418
   60.4653   44.7552
   60.5476   46.5477
   60.6300   43.2352
   60.7124   46.7651
   60.7948   61.3621
   60.8772   43.3755
   60.9595   43.5092
   61.0419   45.1541
   61.1243   45.7955
   61.2067   44.1268
   61.2890   43.8204
   61.3714   47.4571
   61.4538   42.7734
   61.5362   48.1370
   61.6186   45.7854
   61.7009   47.0481
   61.7833   43.5359
   61.8657   46.5641
   61.9481   49.0173
   62.0304   47.8227
   62.1128   48.1485
   62.1952   47.4342
   62.2776   47.8525
   62.3600   42.4534
   62.4423   38.8907
   62.5247   43.1236
   62.6071   44.5184
   62.6895   53.4521
   62.7718   46.3098
   62.8542   43.1467
   62.9366   39.3344
   63.0190   38.0021
   63.1014   39.3143
   63.1837   37.4986
   63.2661   40.4077
   63.3485   41.1931
   63.4309   41.8009
   63.5132   42.7744
   63.5956   40.7194
   63.6780   37.6159
   63.7604   38.4637
   63.8428   38.0334
   63.9251   40.7430
   64.0075   40.1244
   64.0899   39.3740
   64.1723   40.8780
   64.2546   40.7907
   64.3370   40.1824
   64.4194   37.1603
   64.5018   36.9024
   64.5842   38.4603
   64.6665   35.8350
   64.7489   38.1205
   64.8313   39.4921
   64.9137   39.5515
   64.9960   38.0956
   65.0784   38.3590
   65.1608   33.6623
   65.2432   34.0215
   65.3256   34.9520
   65.4079   35.0615
   65.4903   34.7012
   65.5727   34.0782
   65.6551   33.7124
   65.7374   31.0665
   65.8198   31.7766
   65.9022   32.5046
   65.9846   32.9218
   66.0670   35.6778
   66.1493   32.6679
   66.2317   27.0443
   66.3141   25.7847
   66.3965   27.1343
   66.4788   26.1777
   66.5612   26.2046
   66.6436   26.9042
   66.7260   27.2132
   66.8084   26.2207
   66.8907   27.5892
   66.9731   31.6872
   67.0555   27.3285
   67.1379   26.9234
   67.2202   26.2342
   67.3026   27.2285
   67.3850   28.6692
   67.4674   27.7315
   67.5498   30.0664
   67.6321   29.2536
   67.7145   30.0393
   67.7969   30.5892
   67.8793   28.9807
   67.9616   28.3648
   68.0440   29.5192
   68.1264   31.8866
   68.2088   27.2628
   68.2912   21.8528
   68.3735   20.9057
   68.4559   19.8075
   68.5383   24.4688
   68.6207   19.0234
   68.7030   19.1315
   68.7854   20.5978
   68.8678   22.2133
   68.9502   20.9311
   69.0326   19.5221
   69.1149   23.4818
   69.1973   20.4012
   69.2797   22.0140
   69.3621   21.9237
   69.4444   20.4302
   69.5268   21.0795
   69.6092   21.3585
   69.6916   18.9085
   69.7740   23.0993
   69.8563   20.7994
   69.9387   21.8918
   70.0211   19.5193
   70.1035   20.5522
   70.1858   21.0627
   70.2682   24.4466
   70.3506   24.6717
   70.4330   22.6377
   70.5154   22.3201
   70.5977   23.2180
   70.6801   24.8111
   70.7625   21.7173
   70.8449   21.2533
   70.9272   22.5556
   71.0096   25.3957
   71.0920   24.0073
   71.1744   29.6112
   71.2568   24.9446
   71.3391   23.4703
   71.4215   26.8455
   71.5039   30.4685
   71.5863   37.2905
   71.6686   29.8555
   71.7510   30.7053
   71.8334   28.1085
   71.9158   30.3266
   71.9982   32.9242
   72.0805   30.2707
   72.1629   29.3462
   72.2453   28.6623
   72.3277   32.4904
   72.4100   30.7030
   72.4924   29.9671
   72.5748   31.7899
   72.6572   33.0678
   72.7396   29.0796
   72.8219   29.5198
   72.9043   33.2158
   72.9867   29.2915
   73.0691   29.4102
   73.1514   29.8601
   73.2338   31.7391
   73.3162   32.7956
   73.3986   35.4076
   73.4809   30.3355
   73.5633   29.8718
   73.6457   37.9616
   73.7281   33.5396
   73.8105   33.4423
   73.8928   33.7504
   73.9752   32.7979
   74.0576   34.3776
   74.1400   34.5047
   74.2224   32.8031
   74.3047   34.9782
   74.3871   35.7935
   74.4695   36.5321
   74.5519   37.8135
   74.6342   34.8639
   74.7166   36.5724
   74.7990   35.3983
   74.8814   34.8701
   74.9638   34.8095
   75.0461   39.1240
   75.1285   38.0397
   75.2109   36.6296
   75.2933   33.6444
   75.3756   37.3620
   75.4580   34.6141
   75.5404   33.7590
   75.6228   35.7494
   75.7052   34.5176
   75.7875   34.8719
   75.8699   32.6537
   75.9523   36.5637
   76.0347   34.2836
   76.1170   34.6638
   76.1994   29.4198
   76.2818   30.6068
   76.3642   31.8604
   76.4465   28.8715
   76.5289   29.8025
   76.6113   31.1857
   76.6937   30.7348
   76.7761   32.4709
   76.8584   32.1671
   76.9408   33.1285
   77.0232   68.0662
   77.1056   51.6711
   77.1880   65.4784
   77.2703   83.6436
   77.3527   93.6686
   77.4351  122.2244
   77.5175  107.1636
   77.5998  103.0256
   77.6822  104.1467
   77.7646  100.0915
   77.8470   75.3905
   77.9294   77.0734
   78.0117   72.0655
   78.0941   75.4298
   78.1765   71.7145
   78.2589   64.8397
   78.3412   59.2426
   78.4236   62.5452
   78.5060   58.7553
   78.5884   58.3228
   78.6708   52.1792
   78.7531   56.6044
   78.8355   54.2800
   78.9179   58.4312
   79.0003   53.3361
